0000	ff fe 2a 00 2a 00 2f 00  2e 00 65 00 6e 00 76 00   ..*.*./...e.n.v.
0010	0d 00 0a 00 61 00 69 00  2d 00 6d 00 6f 00 64 00   ....a.i.-.m.o.d.
0020	65 00 6c 00 2f 00 56 00  69 00 64 00 65 00 6f 00   e.l./.V.i.d.e.o.
0030	41 00 75 00 64 00 69 00  6f 00 2f 00 62 00 61 00   A.u.d.i.o./.b.a.
0040	63 00 6b 00 65 00 6e 00  64 00 2f 00 6d 00 6f 00   c.k.e.n.d./.m.o.
0050	64 00 65 00 6c 00 73 00  2f 00 62 00 72 00 61 00   d.e.l.s./.b.r.a.
0060	69 00 6e 00 5f 00 74 00  75 00 6d 00 6f 00 72 00   i.n._.t.u.m.o.r.
0070	2e 00 68 00 35 00 0d 00  0a 00 61 00 69 00 2d 00   ..h.5.....a.i.-.
0080	6d 00 6f 00 64 00 65 00  6c 00 2f 00 56 00 69 00   m.o.d.e.l./.V.i.
0090	64 00 65 00 6f 00 41 00  75 00 64 00 69 00 6f 00   d.e.o.A.u.d.i.o.
00a0	2f 00 62 00 61 00 63 00  6b 00 65 00 6e 00 64 00   /.b.a.c.k.e.n.d.
00b0	2f 00 2e 00 65 00 6e 00  76 00 0d 00 0a 00 61 00   /...e.n.v.....a.
00c0	69 00 2d 00 6d 00 6f 00  64 00 65 00 6c 00 2f 00   i.-.m.o.d.e.l./.
00d0	56 00 69 00 64 00 65 00  6f 00 41 00 75 00 64 00   V.i.d.e.o.A.u.d.
00e0	69 00 6f 00 2f 00 62 00  61 00 63 00 6b 00 65 00   i.o./.b.a.c.k.e.
00f0	6e 00 64 00 2f 00 6d 00  6f 00 64 00 65 00 6c 00   n.d./.m.o.d.e.l.
0100	73 00 2f 00 62 00 72 00  61 00 69 00 6e 00 5f 00   s./.b.r.a.i.n._.
0110	74 00 75 00 6d 00 6f 00  72 00 2e 00 68 00 35 00   t.u.m.o.r...h.5.
0120	0d 00 0a 00 61 00 69 00  2d 00 6d 00 6f 00 64 00   ....a.i.-.m.o.d.
0130	65 00 6c 00 2f 00 56 00  69 00 64 00 65 00 6f 00   e.l./.V.i.d.e.o.
0140	41 00 75 00 64 00 69 00  6f 00 2f 00 62 00 61 00   A.u.d.i.o./.b.a.
0150	63 00 6b 00 65 00 6e 00  64 00 2f 00 2e 00 65 00   c.k.e.n.d./...e.
0160	6e 00 76 00 0d 00 0a 00  61 00 69 00 2d 00 6d 00   n.v.....a.i.-.m.
0170	6f 00 64 00 65 00 6c 00  2f 00 56 00 69 00 64 00   o.d.e.l./.V.i.d.
0180	65 00 6f 00 41 00 75 00  64 00 69 00 6f 00 2f 00   e.o.A.u.d.i.o./.
0190	62 00 61 00 63 00 6b 00  65 00 6e 00 64 00 2f 00   b.a.c.k.e.n.d./.
01a0	2e 00 65 00 6e 00 76 00  0d 00 0a 00 76 00 65 00   ..e.n.v.....v.e.
01b0	6e 00 76 00 2f 00                                  n.v./.
